465 -30
465 -150
465 -270
465 -390
435 -90
435 -210
435 -330
435 -450
405 -30
405 -150
405 -270
405 -390
375 -90
375 -210
375 -330
375 -450
345 -30
345 -150
345 -270
345 -390
315 -90
315 -210
315 -330
315 -450
285 -30
285 -150
285 -270
285 -390
255 -90
255 -210
255 -330
255 -450
225 -30
225 -150
225 -270
225 -390
195 -90
195 -210
195 -330
195 -450
165 -30
165 -150
165 -270
165 -390
135 -90
135 -210
135 -330
135 -450
105 -30
105 -150
105 -270
105 -390
75 -90
75 -210
75 -330
75 -450
45 -30
45 -150
45 -270
45 -390
15 -90
15 -210
15 -330
15 -450
-15 -30
-15 -150
-15 -270
-15 -390
-45 -90
-45 -210
-45 -330
-45 -450
-75 -30
-75 -150
-75 -270
-75 -390
-105 -90
-105 -210
-105 -330
-105 -450
-135 -30
-135 -150
-135 -270
-135 -390
-165 -90
-165 -210
-165 -330
-165 -450
-195 -30
-195 -150
-195 -270
-195 -390
-225 -90
-225 -210
-225 -330
-225 -450
-255 -30
-255 -150
-255 -270
-255 -390
-285 -90
-285 -210
-285 -330
-285 -450
-315 -30
-315 -150
-315 -270
-315 -390
-345 -90
-345 -210
-345 -330
-345 -450
-375 -30
-375 -150
-375 -270
-375 -390
-405 -90
-405 -210
-405 -330
-405 -450
-435 -30
-435 -150
-435 -270
-435 -390
-465 -90
-465 -210
-465 -330
-465 -450
-945 -450
-885 -450
-825 -450
-765 -450
-705 -450
-645 -450
-585 -450
-525 -450
-915 -390
-855 -390
-795 -390
-735 -390
-675 -390
-615 -390
-555 -390
-495 -390
-945 -330
-885 -330
-825 -330
-765 -330
-705 -330
-645 -330
-585 -330
-525 -330
-915 -270
-855 -270
-795 -270
-735 -270
-675 -270
-615 -270
-555 -270
-495 -270
-945 -210
-885 -210
-825 -210
-765 -210
-705 -210
-645 -210
-585 -210
-525 -210
-915 -150
-855 -150
-795 -150
-735 -150
-675 -150
-615 -150
-555 -150
-495 -150
-945 -90
-885 -90
-825 -90
-765 -90
-705 -90
-645 -90
-585 -90
-525 -90
-915 -30
-855 -30
-795 -30
-735 -30
-675 -30
-615 -30
-555 -30
-495 -30
-945 30
-885 30
-825 30
-765 30
-705 30
-645 30
-585 30
-525 30
-915 90
-855 90
-795 90
-735 90
-675 90
-615 90
-555 90
-495 90
-945 150
-885 150
-825 150
-765 150
-705 150
-645 150
-585 150
-525 150
-915 210
-855 210
-795 210
-735 210
-675 210
-615 210
-555 210
-495 210
-945 270
-885 270
-825 270
-765 270
-705 270
-645 270
-585 270
-525 270
-915 330
-855 330
-795 330
-735 330
-675 330
-615 330
-555 330
-495 330
-945 390
-885 390
-825 390
-765 390
-705 390
-645 390
-585 390
-525 390
-915 450
-855 450
-795 450
-735 450
-675 450
-615 450
-555 450
-495 450
-465 390
-465 270
-465 150
-465 30
-435 450
-435 330
-435 210
-435 90
-405 390
-405 270
-405 150
-405 30
-375 450
-375 330
-375 210
-375 90
-345 390
-345 270
-345 150
-345 30
-315 450
-315 330
-315 210
-315 90
-285 390
-285 270
-285 150
-285 30
-255 450
-255 330
-255 210
-255 90
-225 390
-225 270
-225 150
-225 30
-195 450
-195 330
-195 210
-195 90
-165 390
-165 270
-165 150
-165 30
-135 450
-135 330
-135 210
-135 90
-105 390
-105 270
-105 150
-105 30
-75 450
-75 330
-75 210
-75 90
-45 390
-45 270
-45 150
-45 30
-15 450
-15 330
-15 210
-15 90
15 390
15 270
15 150
15 30
45 450
45 330
45 210
45 90
75 390
75 270
75 150
75 30
105 450
105 330
105 210
105 90
135 390
135 270
135 150
135 30
165 450
165 330
165 210
165 90
195 390
195 270
195 150
195 30
225 450
225 330
225 210
225 90
255 390
255 270
255 150
255 30
285 450
285 330
285 210
285 90
315 390
315 270
315 150
315 30
345 450
345 330
345 210
345 90
375 390
375 270
375 150
375 30
405 450
405 330
405 210
405 90
435 390
435 270
435 150
435 30
465 450
465 330
465 210
465 90
525 450
585 450
645 450
705 450
765 450
825 450
885 450
945 450
495 390
555 390
615 390
675 390
735 390
795 390
855 390
915 390
525 330
585 330
645 330
705 330
765 330
825 330
885 330
945 330
495 270
555 270
615 270
675 270
735 270
795 270
855 270
915 270
525 210
585 210
645 210
705 210
765 210
825 210
885 210
945 210
495 150
555 150
615 150
675 150
735 150
795 150
855 150
915 150
525 90
585 90
645 90
705 90
765 90
825 90
885 90
945 90
495 30
555 30
615 30
675 30
735 30
795 30
855 30
915 30
525 -30
585 -30
645 -30
705 -30
765 -30
825 -30
885 -30
945 -30
495 -90
555 -90
615 -90
675 -90
735 -90
795 -90
855 -90
915 -90
525 -150
585 -150
645 -150
705 -150
765 -150
825 -150
885 -150
945 -150
495 -210
555 -210
615 -210
675 -210
735 -210
795 -210
855 -210
915 -210
525 -270
585 -270
645 -270
705 -270
765 -270
825 -270
885 -270
945 -270
495 -330
555 -330
615 -330
675 -330
735 -330
795 -330
855 -330
915 -330
525 -390
585 -390
645 -390
705 -390
765 -390
825 -390
885 -390
945 -390
495 -450
555 -450
615 -450
675 -450
735 -450
795 -450
855 -450
915 -450
